
# Solana Address: 4SaWW1q38v58rkPCrkQg7xTyPobsgK5GtoH48pDD3fqr
PRIVATE_KEY=[50,143,192,194,30,142,51,210,150,86,93,65,126,201,104,98,205,105,196,42,9,147,35,98,64,214,233,163,171,70,137,87,51,32,120,37,240,241,138,127,84,194,251,58,148,245,209,147,93,0,94,228,164,70,183,255,175,164,141,39,78,104,165,57]
# Solana Address: oSQ9fH9ah4aMNGzo7CLuXpeYnJwFwLWRyRxzbd8hcPd
PRIVATE_KEY=[41,244,72,18,24,180,148,191,40,132,20,237,47,50,156,37,17,104,23,159,25,47,30,15,118,214,208,169,96,172,57,22,11,229,111,164,77,141,114,155,201,54,91,59,177,133,31,113,197,77,126,207,213,201,24,39,182,170,252,23,156,220,15,60]
# Solana Address: Ern7EGYxpXeVQ2wmxZRWXwnUFZgg5pctnNKHDFDbUn34
PRIVATE_KEY=[108,227,22,55,162,147,53,163,68,210,22,200,246,242,76,143,27,250,156,185,229,161,250,129,187,136,160,100,236,160,147,224,205,232,100,141,33,79,217,184,1,126,47,61,173,247,168,173,221,186,103,205,235,3,207,67,94,252,247,47,239,241,55,35]
# Solana Address: BuDDJXvbSTtxkryxdGqZCeGFf4PQ5ioNbKzuTTsGiyZ2
PRIVATE_KEY=[93,163,46,80,108,198,97,237,134,241,232,160,102,173,19,120,86,239,14,183,227,137,77,152,230,82,65,32,113,234,151,217,161,244,225,46,40,214,196,2,129,84,39,2,18,142,214,190,1,8,245,174,114,38,135,237,187,219,34,124,17,85,206,57]
# Solana Address: 84CEoEb6r8NkbtDgVgrHYnpmSNsscoYrRFpfSvv7X4eL
PRIVATE_KEY=[145,26,103,163,126,45,206,45,178,181,159,165,45,239,174,233,180,180,23,126,170,224,113,138,214,232,26,123,107,28,75,136,104,211,65,243,184,68,156,203,210,228,117,15,98,102,100,15,249,55,56,223,218,202,168,175,249,132,210,116,94,192,174,209]
# Solana Address: iQAvzHqTcnBmstJesVNZHAmpQWYHdvu4S2NHwrLkDc8
PRIVATE_KEY=[11,137,140,201,10,125,29,185,24,114,187,56,65,253,54,76,162,153,45,111,177,95,235,208,244,208,82,167,75,102,105,130,10,155,3,81,9,200,34,173,8,117,113,147,0,126,232,162,131,244,167,34,168,118,149,224,38,204,77,252,69,133,10,173]